Runs In Order: 

Raw Path: [28, 26, 20, 25, 27, 24, 16, 14, 13, 12, 8, 7, 9, 3, 4, 5, 6, 2, 1, 10, 11, 15, 19, 18, 17, 21, 23, 22, 29, 28]
Path from 1: [1, 10, 11, 15, 19, 18, 17, 21, 23, 22, 29, 28, 26, 20, 25, 27, 24, 16, 14, 13, 12, 8, 7, 9, 3, 4, 5, 6, 2, 1]
Cost: 28411.0
Total Time: 4.555504322052002 seconds

Raw Path: [15, 19, 18, 17, 21, 23, 22, 29, 28, 26, 20, 25, 27, 24, 16, 14, 13, 12, 8, 7, 9, 3, 4, 5, 6, 2, 1, 10, 11, 15]
Path from 1: [1, 10, 11, 15, 19, 18, 17, 21, 23, 22, 29, 28, 26, 20, 25, 27, 24, 16, 14, 13, 12, 8, 7, 9, 3, 4, 5, 6, 2, 1]
Cost: 28411.0
Total Time: 4.605547904968262 seconds

Raw Path: [13, 12, 8, 7, 9, 3, 4, 5, 6, 2, 1, 10, 11, 15, 19, 18, 17, 21, 23, 22, 29, 28, 26, 20, 25, 27, 24, 16, 14, 13]
Path from 1: [1, 10, 11, 15, 19, 18, 17, 21, 23, 22, 29, 28, 26, 20, 25, 27, 24, 16, 14, 13, 12, 8, 7, 9, 3, 4, 5, 6, 2, 1]
Cost: 28411.0
Total Time: 4.983801364898682 seconds

Raw Path: [8, 4, 5, 6, 2, 1, 11, 10, 12, 15, 19, 18, 17, 21, 23, 22, 29, 28, 26, 20, 25, 27, 24, 16, 14, 13, 9, 7, 3, 8]
Path from 1: [1, 11, 10, 12, 15, 19, 18, 17, 21, 23, 22, 29, 28, 26, 20, 25, 27, 24, 16, 14, 13, 9, 7, 3, 8, 4, 5, 6, 2, 1]
Cost: 28069.0
Total Time: 4.885469675064087 seconds

Raw Path: [19, 18, 17, 21, 23, 22, 29, 28, 26, 20, 25, 27, 24, 16, 14, 13, 12, 8, 7, 9, 3, 4, 5, 6, 2, 1, 10, 11, 15, 19]
Path from 1: [1, 10, 11, 15, 19, 18, 17, 21, 23, 22, 29, 28, 26, 20, 25, 27, 24, 16, 14, 13, 12, 8, 7, 9, 3, 4, 5, 6, 2, 1]
Cost: 28411.0
Total Time: 5.079248905181885 seconds

Raw Path: [28, 26, 20, 25, 27, 24, 16, 14, 13, 12, 8, 7, 9, 3, 4, 5, 6, 2, 1, 11, 10, 15, 19, 18, 17, 21, 23, 22, 29, 28]
Path from 1: [1, 11, 10, 15, 19, 18, 17, 21, 23, 22, 29, 28, 26, 20, 25, 27, 24, 16, 14, 13, 12, 8, 7, 9, 3, 4, 5, 6, 2, 1]
Cost: 28502.0
Total Time: 4.861118793487549 seconds

Raw Path: [15, 19, 18, 17, 21, 23, 22, 29, 28, 26, 20, 25, 27, 24, 16, 14, 13, 12, 8, 7, 9, 3, 4, 5, 6, 1, 2, 10, 11, 15]
Path from 1: [1, 2, 10, 11, 15, 19, 18, 17, 21, 23, 22, 29, 28, 26, 20, 25, 27, 24, 16, 14, 13, 12, 8, 7, 9, 3, 4, 5, 6, 1]
Cost: 28410.0
Total Time: 4.713382244110107 seconds

Raw Path: [22, 23, 21, 29, 28, 26, 20, 25, 27, 24, 16, 14, 13, 12, 8, 7, 9, 3, 4, 5, 6, 1, 2, 11, 10, 15, 19, 18, 17, 22]
Path from 1: [1, 2, 11, 10, 15, 19, 18, 17, 22, 23, 21, 29, 28, 26, 20, 25, 27, 24, 16, 14, 13, 12, 8, 7, 9, 3, 4, 5, 6, 1]
Cost: 28625.0
Total Time: 4.916748523712158 seconds

Raw Path: [21, 23, 22, 29, 28, 26, 20, 16, 25, 27, 24, 14, 13, 9, 7, 3, 4, 5, 6, 2, 1, 10, 11, 8, 12, 15, 19, 18, 17, 21]
Path from 1: [1, 10, 11, 8, 12, 15, 19, 18, 17, 21, 23, 22, 29, 28, 26, 20, 16, 25, 27, 24, 14, 13, 9, 7, 3, 4, 5, 6, 2, 1]
Cost: 29272.0
Total Time: 4.460724115371704 seconds

Raw Path: [14, 13, 12, 8, 7, 9, 3, 4, 5, 6, 1, 2, 10, 11, 15, 19, 18, 17, 21, 23, 22, 29, 28, 26, 20, 25, 27, 24, 16, 14]
Path from 1: [1, 2, 10, 11, 15, 19, 18, 17, 21, 23, 22, 29, 28, 26, 20, 25, 27, 24, 16, 14, 13, 12, 8, 7, 9, 3, 4, 5, 6, 1]
Cost: 28410.0
Total Time: 4.632147550582886 seconds

Sum of Data: 
	average cost over 10 runs = 28493.2